3.790219075644092300e+03
3.613686014122931283e+03
3.478340972686630266e+03
3.517729971055536680e+03
3.679447441178354893e+03
3.755141432155096027e+03
3.951037634760564742e+03
3.951037634760564742e+03
4.054571443435905167e+03
4.139427893200212566e+03
4.136380230732606833e+03
3.901149478287288275e+03
4.207673217199771898e+03
4.316642211812539244e+03
4.484990189363783429e+03
4.391965484991332232e+03
4.281295672541954445e+03
4.098799827335591544e+03
3.961408304697155017e+03
3.656322880723877461e+03
3.668045276255221324e+03
3.717978302979773616e+03
3.921046272038837287e+03
3.880720358147353181e+03
3.752113928333494641e+03
3.662916251008250129e+03
3.840736816847535010e+03
4.137243391715688631e+03
4.392127757514307632e+03
4.437150163671565679e+03
4.682540723462008827e+03
4.636998699210770610e+03
4.465597949954517389e+03
4.416665017413070927e+03
4.599038716737442883e+03
4.519212945177720940e+03
4.597364618817508017e+03
4.779383374813737646e+03
4.622378952540922000e+03
4.543361299563996909e+03
4.241308525446549538e+03
4.342223806651980340e+03
4.122166124126428258e+03
4.065763384124915319e+03
4.120170929089713354e+03
4.096437639150972245e+03
3.968409952185125348e+03
4.079756796729790494e+03
3.836687908787390370e+03
3.803296080260872714e+03
3.731839632487156905e+03
3.917494035770275332e+03
3.846446072782098781e+03
3.591520097960874864e+03
3.806947707699711373e+03
3.883302276103212535e+03
3.936852953089466610e+03
3.849848483242528800e+03
3.892820966933437376e+03
4.232279118593617568e+03
4.110494903194509789e+03
3.962458656954913295e+03
3.932668387746929966e+03
3.960978267088092252e+03
3.714121638664228612e+03
3.648542418289834131e+03
3.684650262690036925e+03
3.631774543483897560e+03
3.574862699235809032e+03
3.522960964272338060e+03
3.265344103633066425e+03
3.303786163538457458e+03
3.311394869200632911e+03
3.489811633163420083e+03
3.371987622354680752e+03
3.254202367413211050e+03
3.239018587125405702e+03
3.274056288061529358e+03
3.523564760914483031e+03
3.666936959469762769e+03
3.672698219876856911e+03
3.711619651325931954e+03
3.796915520300486151e+03
3.759524046737796652e+03
3.554781821144427795e+03
3.272747222619685090e+03
3.073860801099731361e+03
3.065984944019684463e+03
3.010316937349324235e+03
3.071600505516856629e+03
3.071600505516856629e+03
3.142056040483335437e+03
3.222904669872293198e+03
3.122833521362122156e+03
3.031004091247103588e+03
3.090371381611240395e+03
3.146222910051724739e+03
3.038710463942999922e+03
2.964938909455433986e+03
3.211022390895693206e+03
3.186776922427423870e+03
3.273291870053355979e+03
3.406123226864972366e+03
3.376817161821713853e+03
3.525081086767528177e+03
3.533537419903332193e+03
3.448166378769143193e+03
3.502352827167175747e+03
3.681074533357030759e+03
3.754478641563240217e+03
3.671040004671506267e+03
3.947381189716957124e+03
3.926188783611959025e+03
3.952579478140612537e+03
3.913714768371502942e+03
3.756557798557107162e+03
4.076638930777666246e+03
4.238352032751110528e+03
4.190316762055149411e+03
4.323834626442070658e+03
4.360713799205142095e+03
4.425897275563049334e+03
4.425897275563049334e+03
4.407085647581313424e+03
4.255452226329749465e+03
4.232696610165498896e+03
4.232696610165498896e+03
4.232696610165498896e+03
4.232696610165498896e+03
4.105583886799183347e+03
4.105583886799183347e+03
4.084905180354135609e+03
3.996446048964050078e+03
3.949176269317202241e+03
3.761258727472015835e+03
3.761258727472015835e+03
3.761258727472015835e+03
3.684599586271513544e+03
3.684599586271513544e+03
3.556661411369923826e+03
3.556661411369923826e+03
3.708772969644368004e+03
3.573405547656017006e+03
3.573405547656017006e+03
3.573405547656017006e+03
3.573405547656017006e+03
3.573405547656017006e+03
3.453952625578309380e+03
3.402274530525614409e+03
3.402274530525614409e+03
3.402274530525614409e+03
3.402274530525614409e+03
3.341111622992981211e+03
3.427681023313886726e+03
3.332489343516619556e+03
3.332489343516619556e+03
3.306949861367468202e+03
3.107731566311972529e+03
3.107731566311972529e+03
3.107731566311972529e+03
3.035778036301916927e+03
2.797806949002394504e+03
2.530151772664995406e+03
2.423762132872758684e+03
2.423762132872758684e+03
2.419131385867289282e+03
2.419131385867289282e+03
2.416217013470946767e+03
2.325481206842335723e+03
2.314471270565400573e+03
2.252547013675521157e+03
2.149376642707437441e+03
2.115510320707812753e+03
2.098603591104616498e+03
2.098603591104616498e+03
2.098603591104616498e+03
2.136910934504230227e+03
1.954204291877549622e+03
1.954204291877549622e+03
1.954204291877549622e+03
2.004113379147742307e+03
1.802744202017043563e+03
1.802744202017043563e+03
1.802744202017043563e+03
1.802744202017043563e+03
1.802744202017043563e+03
1.802744202017043563e+03
1.802744202017043563e+03
1.802744202017043563e+03
1.802744202017043563e+03
1.802744202017043563e+03
1.837262493994017859e+03
1.837262493994017859e+03
1.837262493994017859e+03
1.837262493994017859e+03
1.837262493994017859e+03
1.837262493994017859e+03
1.837262493994017859e+03
1.837262493994017859e+03
1.837262493994017859e+03
1.810128757040385608e+03
1.810128757040385608e+03
1.810128757040385608e+03
1.805003322565637973e+03
1.800860631944967281e+03
1.750386767131851457e+03
1.750386767131851457e+03
1.750386767131851457e+03
1.750386767131851457e+03
1.750386767131851457e+03
1.750386767131851457e+03
1.750386767131851457e+03
1.750386767131851457e+03
1.750386767131851457e+03
1.750386767131851457e+03
1.695003957811251894e+03
1.695003957811251894e+03
1.695003957811251894e+03
1.669111830969331777e+03
1.669111830969331777e+03
1.669111830969331777e+03
1.533942732165479583e+03
1.550942188471364489e+03
1.586436946302044589e+03
1.586436946302044589e+03
1.586436946302044589e+03
1.450826333520706612e+03
1.450826333520706612e+03
1.455745892648023528e+03
1.455745892648023528e+03
1.455745892648023528e+03
1.455745892648023528e+03
1.348970130680067314e+03
1.348970130680067314e+03
1.348970130680067314e+03
1.379884472682470005e+03
1.379884472682470005e+03
1.379884472682470005e+03
1.287887331061032000e+03
1.240441725332482747e+03
1.307990441438283369e+03
1.307990441438283369e+03
1.307990441438283369e+03
1.084040190524007585e+03
1.084040190524007585e+03
1.084040190524007585e+03
1.084040190524007585e+03
1.084040190524007585e+03
1.084040190524007585e+03
1.054409845059628879e+03
1.021040502245507014e+03
1.021040502245507014e+03
1.007294778384435858e+03
9.658741504973842211e+02
9.613964291615797038e+02
9.172590142341927049e+02
9.172590142341927049e+02
9.172590142341927049e+02
9.431331985366675781e+02
8.890049662405185700e+02
8.890049662405185700e+02
8.890049662405185700e+02
8.890049662405185700e+02
8.890049662405185700e+02
8.890049662405185700e+02
8.644448912844173947e+02
8.263253430319273320e+02
8.011378297105400179e+02
8.605824198483614964e+02
9.226440455286450515e+02
8.987913395626471811e+02
8.976624671082114446e+02
8.707551046006113893e+02
8.707551046006113893e+02
8.707551046006113893e+02
8.691318222302102185e+02
8.691318222302102185e+02
7.846998058411865031e+02
7.846998058411865031e+02
7.450875870766644766e+02
7.525850666675459024e+02
7.525850666675459024e+02
7.221011523527172358e+02
7.221011523527172358e+02
7.221011523527172358e+02
7.468586763645172368e+02
7.468586763645172368e+02
7.468586763645172368e+02
6.986194472576814860e+02
6.986194472576814860e+02
6.986194472576814860e+02
6.986194472576814860e+02
6.986194472576814860e+02
6.986194472576814860e+02
6.608540120508578184e+02
6.608540120508578184e+02
6.373931930013361580e+02
6.373931930013361580e+02
6.035323157515658750e+02
6.035323157515658750e+02
6.035323157515658750e+02
6.035323157515658750e+02
6.035323157515658750e+02
6.139662317124218589e+02
6.139662317124218589e+02
5.653222582345186993e+02
5.552195152090272359e+02
5.552195152090272359e+02
5.552195152090272359e+02
5.552195152090272359e+02
5.552195152090272359e+02
5.552195152090272359e+02
5.398814626354094344e+02
5.398814626354094344e+02
5.398814626354094344e+02
5.398814626354094344e+02
5.398814626354094344e+02
5.398814626354094344e+02
5.398814626354094344e+02
5.153479328845272676e+02
5.153479328845272676e+02
5.153479328845272676e+02
5.153479328845272676e+02
5.620742988226396619e+02
5.620742988226396619e+02
4.688697352514468548e+02
4.688697352514468548e+02
4.454612675784835574e+02
4.454612675784835574e+02
4.454612675784835574e+02
4.440950509243783131e+02
3.707516710598849841e+02
3.707516710598849841e+02
3.707516710598849841e+02
3.707516710598849841e+02
3.652196217409131123e+02
3.481334115189482077e+02
3.481334115189482077e+02
3.481334115189482077e+02
3.481334115189482077e+02
3.481334115189482077e+02
3.206620310311283220e+02
3.206620310311283220e+02
3.206620310311283220e+02
2.928684762859829789e+02
3.106884975893506180e+02
3.106884975893506180e+02
3.106884975893506180e+02
3.106884975893506180e+02
3.106884975893506180e+02
3.106884975893506180e+02
3.106884975893506180e+02
3.106884975893506180e+02
3.106884975893506180e+02
3.106884975893506180e+02
3.106884975893506180e+02
3.106884975893506180e+02
2.490227088600018703e+02
2.704586114984746814e+02
2.704586114984746814e+02
2.704586114984746814e+02
2.704586114984746814e+02
2.621052101058401718e+02
2.621052101058401718e+02
2.621052101058401718e+02
2.621052101058401718e+02
2.621052101058401718e+02
2.621052101058401718e+02
2.621052101058401718e+02
2.282838820413874146e+02
2.282838820413874146e+02
2.282838820413874146e+02
2.282838820413874146e+02
2.282838820413874146e+02
2.282838820413874146e+02
2.282838820413874146e+02
2.282838820413874146e+02
2.282838820413874146e+02
1.898945411090465711e+02
1.898945411090465711e+02
1.898945411090465711e+02
1.898945411090465711e+02
2.319591169011895033e+02
1.990812737287733967e+02
1.990812737287733967e+02
1.990812737287733967e+02
1.990812737287733967e+02
1.990812737287733967e+02
1.990812737287733967e+02
1.990812737287733967e+02
1.990812737287733967e+02
1.990812737287733967e+02
1.990812737287733967e+02
1.990812737287733967e+02
1.990812737287733967e+02
1.990812737287733967e+02
1.990812737287733967e+02
1.990812737287733967e+02
1.990812737287733967e+02
1.896888914039260499e+02
1.896888914039260499e+02
1.988158188924908814e+02
1.988158188924908814e+02
1.988158188924908814e+02
1.988158188924908814e+02
2.118517779602047142e+02
1.818718379255614082e+02
1.818718379255614082e+02
1.278660191098488355e+02
1.278660191098488355e+02
1.278660191098488355e+02
1.278660191098488355e+02
1.187015684635289716e+02
1.187015684635289716e+02
1.187015684635289716e+02
1.187015684635289716e+02
1.187015684635289716e+02
8.449159332681317380e+01
8.213888694872196083e+01
8.213888694872196083e+01
8.213888694872196083e+01
8.213888694872196083e+01
8.213888694872196083e+01
8.213888694872196083e+01
8.213888694872196083e+01
8.213888694872196083e+01
8.213888694872196083e+01
8.213888694872196083e+01
8.213888694872196083e+01
8.213888694872196083e+01
8.213888694872196083e+01
8.213888694872196083e+01
8.213888694872196083e+01
8.213888694872196083e+01
8.213888694872196083e+01
8.213888694872196083e+01
8.213888694872196083e+01
8.213888694872196083e+01
8.213888694872196083e+01
8.213888694872196083e+01
8.213888694872196083e+01
8.213888694872196083e+01
8.213888694872196083e+01
8.213888694872196083e+01
8.213888694872196083e+01
8.213888694872196083e+01
6.245617086383694527e+01
6.245617086383694527e+01
6.245617086383694527e+01
6.245617086383694527e+01
6.245617086383694527e+01
6.245617086383694527e+01
6.937314805759112346e+01
6.937314805759112346e+01
6.937314805759112346e+01
6.937314805759112346e+01
6.937314805759112346e+01
6.937314805759112346e+01
6.937314805759112346e+01
6.937314805759112346e+01
6.937314805759112346e+01
6.937314805759112346e+01
6.937314805759112346e+01
6.937314805759112346e+01
6.937314805759112346e+01
6.937314805759112346e+01
6.937314805759112346e+01
6.937314805759112346e+01
6.937314805759112346e+01
6.937314805759112346e+01
5.330970836087325182e+01
5.330970836087325182e+01
5.330970836087325182e+01
5.330970836087325182e+01
5.330970836087325182e+01
5.330970836087325182e+01
5.330970836087325182e+01
5.330970836087325182e+01
5.330970836087325182e+01
5.330970836087325182e+01
5.330970836087325182e+01
5.330970836087325182e+01
5.330970836087325182e+01
5.330970836087325182e+01
5.330970836087325182e+01
5.330970836087325182e+01
5.330970836087325182e+01
5.330970836087325182e+01
5.330970836087325182e+01
5.330970836087325182e+01
5.330970836087325182e+01
5.330970836087325182e+01
5.330970836087325182e+01
5.330970836087325182e+01
5.330970836087325182e+01
5.330970836087325182e+01
5.330970836087325182e+01
5.330970836087325182e+01
5.330970836087325182e+01
5.330970836087325182e+01
5.330970836087325182e+01
5.330970836087325182e+01
5.330970836087325182e+01
5.330970836087325182e+01
5.330970836087325182e+01
5.330970836087325182e+01
5.330970836087325182e+01
5.330970836087325182e+01
5.330970836087325182e+01
5.508526958508737437e+01
5.508526958508737437e+01
5.508526958508737437e+01
5.508526958508737437e+01
5.508526958508737437e+01
5.508526958508737437e+01
5.508526958508737437e+01
5.508526958508737437e+01
5.508526958508737437e+01
5.508526958508737437e+01
5.508526958508737437e+01
5.508526958508737437e+01
5.508526958508737437e+01
5.508526958508737437e+01
5.508526958508737437e+01
5.508526958508737437e+01
5.508526958508737437e+01
5.508526958508737437e+01
5.508526958508737437e+01
5.508526958508737437e+01
5.508526958508737437e+01
5.164642911578385309e+01
4.874594046565020022e+01
4.682083015975168649e+01
3.851048739102174068e+01
3.851048739102174068e+01
3.851048739102174068e+01
3.851048739102174068e+01
3.851048739102174068e+01
3.851048739102174068e+01
3.851048739102174068e+01
3.851048739102174068e+01
3.851048739102174068e+01
3.851048739102174068e+01
3.851048739102174068e+01
3.851048739102174068e+01
3.851048739102174068e+01
3.851048739102174068e+01
3.851048739102174068e+01
3.851048739102174068e+01
3.851048739102174068e+01
3.851048739102174068e+01
3.851048739102174068e+01
3.851048739102174068e+01
3.851048739102174068e+01
3.851048739102174068e+01
3.851048739102174068e+01
3.851048739102174068e+01
3.851048739102174068e+01
3.851048739102174068e+01
3.851048739102174068e+01
3.851048739102174068e+01
3.851048739102174068e+01
3.851048739102174068e+01
4.000493051467027783e+01
4.000493051467027783e+01
4.000493051467027783e+01
4.000493051467027783e+01
4.000493051467027783e+01
4.000493051467027783e+01
4.000493051467027783e+01
4.000493051467027783e+01
4.000493051467027783e+01
4.000493051467027783e+01
4.000493051467027783e+01
4.000493051467027783e+01
4.000493051467027783e+01
4.000493051467027783e+01
4.000493051467027783e+01
4.000493051467027783e+01
4.000493051467027783e+01
4.000493051467027783e+01
4.000493051467027783e+01
4.000493051467027783e+01
4.000493051467027783e+01
4.000493051467027783e+01
4.000493051467027783e+01
4.000493051467027783e+01
4.000493051467027783e+01
3.934480536881325463e+01
4.085148409170680139e+01
4.085148409170680139e+01
4.085148409170680139e+01
4.085148409170680139e+01
4.085148409170680139e+01
4.085148409170680139e+01
4.085148409170680139e+01
4.085148409170680139e+01
4.085148409170680139e+01
4.085148409170680139e+01
4.085148409170680139e+01
4.085148409170680139e+01
4.085148409170680139e+01
4.085148409170680139e+01
4.085148409170680139e+01
4.085148409170680139e+01
4.085148409170680139e+01
4.085148409170680139e+01
4.085148409170680139e+01
4.085148409170680139e+01
4.085148409170680139e+01
4.085148409170680139e+01
4.085148409170680139e+01
4.085148409170680139e+01
4.085148409170680139e+01
4.085148409170680139e+01
3.581562855044063554e+01
3.581562855044063554e+01
3.581562855044063554e+01
3.581562855044063554e+01
3.581562855044063554e+01
3.581562855044063554e+01
3.581562855044063554e+01
3.581562855044063554e+01
3.581562855044063554e+01
3.581562855044063554e+01
3.581562855044063554e+01
3.662276084510703100e+01
3.662276084510703100e+01
3.662276084510703100e+01
3.662276084510703100e+01
3.662276084510703100e+01
3.662276084510703100e+01
3.662276084510703100e+01
3.662276084510703100e+01
3.662276084510703100e+01
3.662276084510703100e+01
3.662276084510703100e+01
3.662276084510703100e+01
3.662276084510703100e+01
3.662276084510703100e+01
3.662276084510703100e+01
3.662276084510703100e+01
3.662276084510703100e+01
3.662276084510703100e+01
3.662276084510703100e+01
3.662276084510703100e+01
3.662276084510703100e+01
3.662276084510703100e+01
3.662276084510703100e+01
3.662276084510703100e+01
3.662276084510703100e+01
3.662276084510703100e+01
3.662276084510703100e+01
3.662276084510703100e+01
3.662276084510703100e+01
3.662276084510703100e+01
3.662276084510703100e+01
3.662276084510703100e+01
3.662276084510703100e+01
3.662276084510703100e+01
3.662276084510703100e+01
3.662276084510703100e+01
3.662276084510703100e+01
3.662276084510703100e+01
3.662276084510703100e+01
3.662276084510703100e+01
3.662276084510703100e+01
3.662276084510703100e+01
3.548803054343073171e+01
3.548803054343073171e+01
3.548803054343073171e+01
3.548803054343073171e+01
2.848263983003057831e+01
2.848263983003057831e+01
2.848263983003057831e+01
2.848263983003057831e+01
2.848263983003057831e+01
2.848263983003057831e+01
2.848263983003057831e+01
2.848263983003057831e+01
2.848263983003057831e+01
2.848263983003057831e+01
2.848263983003057831e+01
2.848263983003057831e+01
2.848263983003057831e+01
2.848263983003057831e+01
2.848263983003057831e+01
2.848263983003057831e+01
2.848263983003057831e+01
2.848263983003057831e+01
2.848263983003057831e+01
2.848263983003057831e+01
2.848263983003057831e+01
2.848263983003057831e+01
2.848263983003057831e+01
2.848263983003057831e+01
2.848263983003057831e+01
2.848263983003057831e+01
2.848263983003057831e+01
2.848263983003057831e+01
2.848263983003057831e+01
2.848263983003057831e+01
2.848263983003057831e+01
2.848263983003057831e+01
2.848263983003057831e+01
2.848263983003057831e+01
2.848263983003057831e+01
2.848263983003057831e+01
2.848263983003057831e+01
2.848263983003057831e+01
2.848263983003057831e+01
2.848263983003057831e+01
2.848263983003057831e+01
2.848263983003057831e+01
2.848263983003057831e+01
2.848263983003057831e+01
2.848263983003057831e+01
2.848263983003057831e+01
2.848263983003057831e+01
2.848263983003057831e+01
2.848263983003057831e+01
2.848263983003057831e+01
2.848263983003057831e+01
2.848263983003057831e+01
2.826487552940036352e+01
2.826487552940036352e+01
2.826487552940036352e+01
2.826487552940036352e+01
2.826487552940036352e+01
2.826487552940036352e+01
2.826487552940036352e+01
2.826487552940036352e+01
2.826487552940036352e+01
2.826487552940036352e+01
2.826487552940036352e+01
2.826487552940036352e+01
2.826487552940036352e+01
2.826487552940036352e+01
2.826487552940036352e+01
2.826487552940036352e+01
2.826487552940036352e+01
2.826487552940036352e+01
2.826487552940036352e+01
2.826487552940036352e+01
2.826487552940036352e+01
2.826487552940036352e+01
2.826487552940036352e+01
2.826487552940036352e+01
2.826487552940036352e+01
2.826487552940036352e+01
2.826487552940036352e+01
2.826487552940036352e+01
2.826487552940036352e+01
2.826487552940036352e+01
2.826487552940036352e+01
2.826487552940036352e+01
2.826487552940036352e+01
2.826487552940036352e+01
2.826487552940036352e+01
2.826487552940036352e+01
2.826487552940036352e+01
2.826487552940036352e+01
2.826487552940036352e+01
2.826487552940036352e+01
2.826487552940036352e+01
2.826487552940036352e+01
2.826487552940036352e+01
2.826487552940036352e+01
2.826487552940036352e+01
2.826487552940036352e+01
2.826487552940036352e+01
2.826487552940036352e+01
2.826487552940036352e+01
2.826487552940036352e+01
2.826487552940036352e+01
2.826487552940036352e+01
2.826487552940036352e+01
2.826487552940036352e+01
2.826487552940036352e+01
2.826487552940036352e+01
2.826487552940036352e+01
2.826487552940036352e+01
2.826487552940036352e+01
2.826487552940036352e+01
2.826487552940036352e+01
2.826487552940036352e+01
2.826487552940036352e+01
2.826487552940036352e+01
2.826487552940036352e+01
2.826487552940036352e+01
2.826487552940036352e+01
2.826487552940036352e+01
2.826487552940036352e+01
2.826487552940036352e+01
2.826487552940036352e+01
2.826487552940036352e+01
2.826487552940036352e+01
2.826487552940036352e+01
2.826487552940036352e+01
2.826487552940036352e+01
2.826487552940036352e+01
2.826487552940036352e+01
2.826487552940036352e+01
2.826487552940036352e+01
2.826487552940036352e+01
2.826487552940036352e+01
2.826487552940036352e+01
2.826487552940036352e+01
2.826487552940036352e+01
2.826487552940036352e+01
2.826487552940036352e+01
2.826487552940036352e+01
2.826487552940036352e+01
2.826487552940036352e+01
2.826487552940036352e+01
2.826487552940036352e+01
2.826487552940036352e+01
2.826487552940036352e+01
2.826487552940036352e+01
2.826487552940036352e+01
2.826487552940036352e+01
2.826487552940036352e+01
2.826487552940036352e+01
2.826487552940036352e+01
2.826487552940036352e+01
2.826487552940036352e+01
2.826487552940036352e+01
2.826487552940036352e+01
2.826487552940036352e+01
2.826487552940036352e+01
2.826487552940036352e+01
2.826487552940036352e+01
2.826487552940036352e+01
2.826487552940036352e+01
2.826487552940036352e+01
2.826487552940036352e+01
2.826487552940036352e+01
2.826487552940036352e+01
2.826487552940036352e+01
2.826487552940036352e+01
2.826487552940036352e+01
2.826487552940036352e+01
2.826487552940036352e+01
2.826487552940036352e+01
2.826487552940036352e+01
2.826487552940036352e+01
2.826487552940036352e+01
2.826487552940036352e+01
2.826487552940036352e+01
2.826487552940036352e+01
2.826487552940036352e+01
2.826487552940036352e+01
2.826487552940036352e+01
2.826487552940036352e+01
2.826487552940036352e+01
2.826487552940036352e+01
2.826487552940036352e+01
2.826487552940036352e+01
2.826487552940036352e+01
2.826487552940036352e+01
2.826487552940036352e+01
2.826487552940036352e+01
2.826487552940036352e+01
2.826487552940036352e+01
2.826487552940036352e+01
2.826487552940036352e+01
2.826487552940036352e+01
2.826487552940036352e+01
2.826487552940036352e+01
2.826487552940036352e+01
2.826487552940036352e+01
2.826487552940036352e+01
2.826487552940036352e+01
2.826487552940036352e+01
2.826487552940036352e+01
2.826487552940036352e+01
2.826487552940036352e+01
2.826487552940036352e+01
2.826487552940036352e+01
2.826487552940036352e+01
2.826487552940036352e+01
2.826487552940036352e+01
2.826487552940036352e+01
2.826487552940036352e+01
2.826487552940036352e+01
2.826487552940036352e+01
2.826487552940036352e+01
2.826487552940036352e+01
2.826487552940036352e+01
2.826487552940036352e+01
2.826487552940036352e+01
2.826487552940036352e+01
2.826487552940036352e+01
2.826487552940036352e+01
2.826487552940036352e+01
2.826487552940036352e+01
2.826487552940036352e+01
2.826487552940036352e+01
2.826487552940036352e+01
2.826487552940036352e+01
2.826487552940036352e+01
2.826487552940036352e+01
2.826487552940036352e+01
2.826487552940036352e+01
2.826487552940036352e+01
2.826487552940036352e+01
2.826487552940036352e+01
2.826487552940036352e+01
2.826487552940036352e+01
2.826487552940036352e+01
2.826487552940036352e+01
2.826487552940036352e+01
2.826487552940036352e+01
2.826487552940036352e+01
2.826487552940036352e+01
2.826487552940036352e+01
2.826487552940036352e+01
2.826487552940036352e+01
2.826487552940036352e+01
2.826487552940036352e+01
2.826487552940036352e+01
2.826487552940036352e+01
2.826487552940036352e+01
2.826487552940036352e+01
2.826487552940036352e+01
2.826487552940036352e+01
2.826487552940036352e+01
2.826487552940036352e+01
2.826487552940036352e+01
2.826487552940036352e+01
2.826487552940036352e+01
2.826487552940036352e+01
2.826487552940036352e+01
2.826487552940036352e+01
2.826487552940036352e+01
2.826487552940036352e+01
2.826487552940036352e+01
2.826487552940036352e+01
2.826487552940036352e+01
2.826487552940036352e+01
2.826487552940036352e+01
2.826487552940036352e+01
2.826487552940036352e+01
2.826487552940036352e+01
2.826487552940036352e+01
2.826487552940036352e+01
2.826487552940036352e+01
2.826487552940036352e+01
2.826487552940036352e+01
2.826487552940036352e+01
2.826487552940036352e+01
2.826487552940036352e+01
2.826487552940036352e+01
2.826487552940036352e+01
2.826487552940036352e+01
2.826487552940036352e+01
2.826487552940036352e+01
2.826487552940036352e+01
2.826487552940036352e+01
2.826487552940036352e+01
2.826487552940036352e+01
2.826487552940036352e+01
2.826487552940036352e+01
2.826487552940036352e+01
2.826487552940036352e+01
2.826487552940036352e+01
2.826487552940036352e+01
2.826487552940036352e+01
2.826487552940036352e+01
2.826487552940036352e+01
2.826487552940036352e+01
2.826487552940036352e+01
2.826487552940036352e+01
2.826487552940036352e+01
2.826487552940036352e+01
2.826487552940036352e+01
2.826487552940036352e+01
2.826487552940036352e+01
2.826487552940036352e+01
2.826487552940036352e+01
2.826487552940036352e+01
2.826487552940036352e+01
2.826487552940036352e+01
2.826487552940036352e+01
2.826487552940036352e+01
2.826487552940036352e+01
2.826487552940036352e+01
2.826487552940036352e+01
2.826487552940036352e+01
2.826487552940036352e+01
2.826487552940036352e+01
2.826487552940036352e+01
2.826487552940036352e+01
2.826487552940036352e+01
2.826487552940036352e+01
2.826487552940036352e+01
2.826487552940036352e+01
2.826487552940036352e+01
2.826487552940036352e+01
2.826487552940036352e+01
